1 8807 train_8807_1 1 25 10 2019 22 15 25 10 2019 24 40 709 441 1.60771
2 6165 train_6165_2 0 2 8 2020 2 58 2 8 2020 2 59 303 170 1.78235
3 3709 train_3709_3 1 24 12 2020 3 45 24 12 2020 14 54 826 513 1.61014
4 5267 train_5267_4 2 1 2 2020 4 1 1 2 2020 17 33 393 337 1.16617
5 4485 train_4485_5 1 12 4 2019 7 21 12 4 2019 18 49 944 669 1.41106
6 2490 train_2490_6 0 20 10 2020 22 55 20 10 2020 22 57 801 854 0.937939
7 5977 train_5977_7 0 4 2 2019 6 48 4 2 2019 11 49 814 64 12.7188
8 5536 train_5536_8 1 5 11 2019 4 54 5 11 2019 12 57 105 405 0.259259
9 9451 train_9451_9 2 12 11 2020 7 46 12 11 2020 15 47 337 439 0.767654
10 1144 train_1144_10 1 1 2 2019 12 31 1 2 2019 17 58 294 905 0.324862
11 1111 train1 0 11 11 2001 11 11 12 12 2001 11 11 100 200 0.5
